255 255 255 255 255 255 255 255 255 255 255 255 255 255 255 255
255 145  88  88  88 255 255 208 208  88 187  88  88  88 145 255
255  88 224 213   8  40 225 166  64  56 192   8 213 224  88 255
255  88 213 199   8 126 236   0 183 215  81   8 199 213  88 255
255  88   8   8   0 104 255   0   6 254 106   0   8   8  88 255
255 155 116 129 106 213  24  72  72 143 131   0  71 108 187 255
255 255 190 234 254 151   0  11 165 221 231   7 215  56 229 255
255 134 173  72   2 104  40 255 124 101 146   6  98  47  88 255
255 255 190 157   2 104 194 124 255 101 146 183 183  64 208 255
255 255 166   0 247 104 255  72 255  40 104   1  40 209  88 255
255 155 180  71 101 104 255 137 212 167 104   3 174 149 187 255
255  88   8   8   0   8 216 255  78  47 104  16 251  91 250 255
255  88 213 199   8 135 135 169 169 255 174 139 135  88 166 255
255  88 224 213   8  39 195  53  53  79  24 227 125 100 212 255
255 145  88  88  88 155 114  88  88 114 155 250  88 130 255 255
255 255 255 255 255 255 255 255 255 255 255 255 255 255 255 255
255 255 255 255 255 255 255 255 255 255 255 255 255 255 255 255
255 145  88  88  88 255 255 208 208  88 187  88  88  88 145 255
255  88 224 213   8  40 225 166  64  56 192   8 213 224  88 255
255  88 213 199   8 126 236   0 183 215  81   8 199 213  88 255
255  88   8   8   0 104 255   0   6 254 106   0   8   8  88 255
255 155 116 129 106 213  24  72  72 143 131   0  71 108 187 255
255 255 190 234 254 151   0  11 165 221 231   7 215  56 229 255
255 134 173  72   2 104  40 255 124 101 146   6  98  47  88 255
255 255 190 157   2 104 194 124 255 101 146 183 183  64 208 255
255 255 166   0 247 104 255  72 255  40 104   1  40 209  88 255
255 155 180  71 101 104 255 137 212 167 104   3 174 149 187 255
255  88   8   8   0   8 216 255  78  47 104  16 251  91 250 255
255  88 213 199   8 135 135 169 169 255 174 139 135  88 166 255
255  88 224 213   8  39 195  53  53  79  24 227 125 100 212 255
255 145  88  88  88 155 114  88  88 114 155 250  88 130 255 255
255 255 255 255 255 255 255 255 255 255 255 255 255 255 255 255
255 255 255 255 255 255 255 255 255 255 255 255 255 255 255 255
255 145  88  88  88 255 255 208 208  88 187  88  88  88 145 255
255  88 224 213   8  40 225 166  64  56 192   8 213 224  88 255
255  88 213 199   8 126 236   0 183 215  81   8 199 213  88 255
255  88   8   8   0 104 255   0   6 254 106   0   8   8  88 255
255 155 116 129 106 213  24  72  72 143 131   0  71 108 187 255
255 255 190 234 254 151   0  11 165 221 231   7 215  56 229 255
255 134 173  72   2 104  40 255 124 101 146   6  98  47  88 255
255 255 190 157   2 104 194 124 255 101 146 183 183  64 208 255
255 255 166   0 247 104 255  72 255  40 104   1  40 209  88 255
255 155 180  71 101 104 255 137 212 167 104   3 174 149 187 255
255  88   8   8   0   8 216 255  78  47 104  16 251  91 250 255
255  88 213 199   8 135 135 169 169 255 174 139 135  88 166 255
255  88 224 213   8  39 195  53  53  79  24 227 125 100 212 255
255 145  88  88  88 155 114  88  88 114 155 250  88 130 255 255
255 255 255 255 255 255 255 255 255 255 255 255 255 255 255 255

255 255 255 255 255 255 255 255 255 255 255 255 255 255 255 255
255 145  88  88  88 187 229  88 208  88 187 250 166 212 255 255
255  88 224 213   8 108  56  47  64 209 149  91  88 100 130 255
255  88 213 199   8  71 215  98 183  40 174 251 135 125  88 255
255  88   8   8   0   0   7   6 183   1   3  16 139 227 250 255
255 187 192  81 106 131 231 146 146 104 104 104 174  24 155 255
255  88  56 215 254 143 221 101 101  40 167  47 255  79 114 255
255 208  64 183   6  72 165 124 255 255 212  78 169  53  88 255
255 208 166   0   0  72  11 255 124  72 137 255 169  53  88 255
255 255 225 236 255  24   0  40 194 255 255 216 135 195 114 255
255 255  40 126 104 213 151 104 104 104 104   8 135  39 155 255
255  88   8   8   0 106 254   2   2 247 101   0   8   8  88 255
255  88 213 199   8 129 234  72 157   0  71   8 199 213  88 255
255  88 224 213   8 116 190 173 190 166 180   8 213 224  88 255
255 145  88  88  88 155 255 134 255 255 155  88  88  88 145 255
255 255 255 255 255 255 255 255 255 255 255 255 255 255 255 255
255 255 255 255 255 255 255 255 255 255 255 255 255 255 255 255
255 145  88  88  88 187 229  88 208  88 187 250 166 212 255 255
255  88 224 213   8 108  56  47  64 209 149  91  88 100 130 255
255  88 213 199   8  71 215  98 183  40 174 251 135 125  88 255
255  88   8   8   0   0   7   6 183   1   3  16 139 227 250 255
255 187 192  81 106 131 231 146 146 104 104 104 174  24 155 255
255  88  56 215 254 143 221 101 101  40 167  47 255  79 114 255
255 208  64 183   6  72 165 124 255 255 212  78 169  53  88 255
255 208 166   0   0  72  11 255 124  72 137 255 169  53  88 255
255 255 225 236 255  24   0  40 194 255 255 216 135 195 114 255
255 255  40 126 104 213 151 104 104 104 104   8 135  39 155 255
255  88   8   8   0 106 254   2   2 247 101   0   8   8  88 255
255  88 213 199   8 129 234  72 157   0  71   8 199 213  88 255
255  88 224 213   8 116 190 173 190 166 180   8 213 224  88 255
255 145  88  88  88 155 255 134 255 255 155  88  88  88 145 255
255 255 255 255 255 255 255 255 255 255 255 255 255 255 255 255
255 255 255 255 255 255 255 255 255 255 255 255 255 255 255 255
255 145  88  88  88 187 229  88 208  88 187 250 166 212 255 255
255  88 224 213   8 108  56  47  64 209 149  91  88 100 130 255
255  88 213 199   8  71 215  98 183  40 174 251 135 125  88 255
255  88   8   8   0   0   7   6 183   1   3  16 139 227 250 255
255 187 192  81 106 131 231 146 146 104 104 104 174  24 155 255
255  88  56 215 254 143 221 101 101  40 167  47 255  79 114 255
255 208  64 183   6  72 165 124 255 255 212  78 169  53  88 255
255 208 166   0   0  72  11 255 124  72 137 255 169  53  88 255
255 255 225 236 255  24   0  40 194 255 255 216 135 195 114 255
255 255  40 126 104 213 151 104 104 104 104   8 135  39 155 255
255  88   8   8   0 106 254   2   2 247 101   0   8   8  88 255
255  88 213 199   8 129 234  72 157   0  71   8 199 213  88 255
255  88 224 213   8 116 190 173 190 166 180   8 213 224  88 255
255 145  88  88  88 155 255 134 255 255 155  88  88  88 145 255
255 255 255 255 255 255 255 255 255 255 255 255 255 255 255 255

255 255 255 255 255 255 255 255 255 255 255 255 255 255 255 255
255 241 173 135 250 178 129 157 125 152 181 144 144 145 191 255
255 197 115  85 186  35 106  85  68 174 102  56 157 195 155 255
255 210 128  81  95 155 161 193  99 168 183  54 115 167 154 255
255 208 102 161  88 147  87 149 193 157  65  85  48  48 155 255
255 167 116 157  48 113 164 182 151 182 119 135 124 162 209 255
255 143 202 117  51 164  85 244  85 194  88 166  96 145 242 255
255 194  80 136 169 174 124 197 186 124  73  54 117 147 247 255
255 159 123 173  73 114 143 176 198  66 117  81  95 185 174 255
255 212  53 125  74 218 181 115  46  15 144 204 143 133 233 255
255 206 133 112 106 172 110 142 132  53 159 122 156 140 195 255
255 144  56  54  85 157 179 103 106 178 129  83  54  56 154 255
255 144 157 115  48 140 205  98  82 198 120  54 110 163 154 255
255 145 195 167  48 197  56  76 184 213  97  56 163 199 155 255
255 191 155 154 155 207 141 172 223 234 227 154 154 155 197 255
255 255 255 255 255 255 255 255 255 255 255 255 255 255 255 255
255 255 255 255 255 255 255 255 255 255 255 255 255 255 255 255
255 241 173 135 250 178 129 157 125 152 181 144 144 145 191 255
255 197 115  85 186  35 106  85  68 174 102  56 157 195 155 255
255 210 128  81  95 155 161 193  99 168 183  54 115 167 154 255
255 208 102 161  88 147  87 149 193 157  65  85  48  48 155 255
255 167 116 157  48 113 164 182 151 182 119 135 124 162 209 255
255 143 202 117  51 164  85 244  85 194  88 166  96 145 242 255
255 194  80 136 169 174 124 197 186 124  73  54 117 147 247 255
255 159 123 173  73 114 143 176 198  66 117  81  95 185 174 255
255 212  53 125  74 218 181 115  46  15 144 204 143 133 233 255
255 206 133 112 106 172 110 142 132  53 159 122 156 140 195 255
255 144  56  54  85 157 179 103 106 178 129  83  54  56 154 255
255 144 157 115  48 140 205  98  82 198 120  54 110 163 154 255
255 145 195 167  48 197  56  76 184 213  97  56 163 199 155 255
255 191 155 154 155 207 141 172 223 234 227 154 154 155 197 255
255 255 255 255 255 255 255 255 255 255 255 255 255 255 255 255
255 255 255 255 255 255 255 255 255 255 255 255 255 255 255 255
255 241 173 135 250 178 129 157 125 152 181 144 144 145 191 255
255 197 115  85 186  35 106  85  68 174 102  56 157 195 155 255
255 210 128  81  95 155 161 193  99 168 183  54 115 167 154 255
255 208 102 161  88 147  87 149 193 157  65  85  48  48 155 255
255 167 116 157  48 113 164 182 151 182 119 135 124 162 209 255
255 143 202 117  51 164  85 244  85 194  88 166  96 145 242 255
255 194  80 136 169 174 124 197 186 124  73  54 117 147 247 255
255 159 123 173  73 114 143 176 198  66 117  81  95 185 174 255
255 212  53 125  74 218 181 115  46  15 144 204 143 133 233 255
255 206 133 112 106 172 110 142 132  53 159 122 156 140 195 255
255 144  56  54  85 157 179 103 106 178 129  83  54  56 154 255
255 144 157 115  48 140 205  98  82 198 120  54 110 163 154 255
255 145 195 167  48 197  56  76 184 213  97  56 163 199 155 255
255 191 155 154 155 207 141 172 223 234 227 154 154 155 197 255
255 255 255 255 255 255 255 255 255 255 255 255 255 255 255 255

255 255 255 255 255 255 255 255 255 255 255 255 255 255 255 255
255 192 150 150 150 206 241 248 173 233 195 150 150 150 192 255
255 150 195 162  52 164 143 155 177 135 140  52 162 195 150 255
255 150 162 116  51 125  98 111  96 143 154  51 116 162 150 255
255 150  52  51  86 135 167  58  79 209 124  86  51  52 150 255
255 186  99 179  69 126  95  77 123 141 159 134 117  99 225 255
255 155 183 164 164 180 194 124  61  14  49 178 202 217 234 255
255 133  72 104 194 152  94 187 203  44 138 106  81 174 218 255
255 162  80 189 147 182 243 192 176 116 138 106  99  81 171 255
255 138 101 165  94 170  91 123 149 188 109 178 202  67 136 255
255 181  28 156 142 108 159 167 118 221 173 154 147 193 208 255
255 247 188  93  91  53  52 174  77  75 105  86  51  52 150 255
255 141  87  81 161 158 121 138 167 128 112  51 116 162 150 255
255 178 118 127 101 113 202  82 119  45 136  52 162 195 150 255
255 243 199 214 210 174 147 201 163 216 207 150 150 150 192 255
255 255 255 255 255 255 255 255 255 255 255 255 255 255 255 255
255 255 255 255 255 255 255 255 255 255 255 255 255 255 255 255
255 192 150 150 150 206 241 248 173 233 195 150 150 150 192 255
255 150 195 162  52 164 143 155 177 135 140  52 162 195 150 255
255 150 162 116  51 125  98 111  96 143 154  51 116 162 150 255
255 150  52  51  86 135 167  58  79 209 124  86  51  52 150 255
255 186  99 179  69 126  95  77 123 141 159 134 117  99 225 255
255 155 183 164 164 180 194 124  61  14  49 178 202 217 234 255
255 133  72 104 194 152  94 187 203  44 138 106  81 174 218 255
255 162  80 189 147 182 243 192 176 116 138 106  99  81 171 255
255 138 101 165  94 170  91 123 149 188 109 178 202  67 136 255
255 181  28 156 142 108 159 167 118 221 173 154 147 193 208 255
255 247 188  93  91  53  52 174  77  75 105  86  51  52 150 255
255 141  87  81 161 158 121 138 167 128 112  51 116 162 150 255
255 178 118 127 101 113 202  82 119  45 136  52 162 195 150 255
255 243 199 214 210 174 147 201 163 216 207 150 150 150 192 255
255 255 255 255 255 255 255 255 255 255 255 255 255 255 255 255
255 255 255 255 255 255 255 255 255 255 255 255 255 255 255 255
255 192 150 150 150 206 241 248 173 233 195 150 150 150 192 255
255 150 195 162  52 164 143 155 177 135 140  52 162 195 150 255
255 150 162 116  51 125  98 111  96 143 154  51 116 162 150 255
255 150  52  51  86 135 167  58  79 209 124  86  51  52 150 255
255 186  99 179  69 126  95  77 123 141 159 134 117  99 225 255
255 155 183 164 164 180 194 124  61  14  49 178 202 217 234 255
255 133  72 104 194 152  94 187 203  44 138 106  81 174 218 255
255 162  80 189 147 182 243 192 176 116 138 106  99  81 171 255
255 138 101 165  94 170  91 123 149 188 109 178 202  67 136 255
255 181  28 156 142 108 159 167 118 221 173 154 147 193 208 255
255 247 188  93  91  53  52 174  77  75 105  86  51  52 150 255
255 141  87  81 161 158 121 138 167 128 112  51 116 162 150 255
255 178 118 127 101 113 202  82 119  45 136  52 162 195 150 255
255 243 199 214 210 174 147 201 163 216 207 150 150 150 192 255
255 255 255 255 255 255 255 255 255 255 255 255 255 255 255 255
